1 744665.546 1040897.566 214.462  
2 744665.799 1040898.105 214.427  
3 744671.398 1040893.161 214.815  
4 744678.855 1040884.899 215.448  
5 744683.786 1040879.493 215.724  
6 744687.363 1040875.418 216.189  
7 744683.939 1040872.280 215.927  
8 744679.742 1040869.933 215.600  
9 744677.263 1040869.544 215.406  
10 744674.560 1040870.346 215.167  
11 744672.914 1040872.309 215.086  
12 744672.230 1040874.352 215.046  
13 744669.063 1040885.566 214.780  
14 744671.519 1040889.639 214.969  
15 744675.404 1040883.578 215.352  
16 744673.211 1040881.292 215.104